1 4 2 0 1
1 2 2 0 1
1 3 1 1 1
1 6 3 1 2
2 5 0 3 2
2 3 2 1 1
2 4 3 1 1
3 4 2 0 1
5 7 6 2 1
5 6 0 0 1
5 8 3 0 1
6 7 1 0 1
6 8 1 1 1
7 8 2 0 1
9 10 2 0 1
9 11 2 0 1
9 12 1 2 1
9 14 2 1 2
10 11 0 0 1
10 12 2 0 1
10 13 1 3 2
11 12 2 1 1
13 14 4 1 1
13 16 2 1 1
13 15 0 1 1
14 15 1 0 1
14 16 1 0 1
15 16 0 0 1
17 18 2 1 1
17 19 2 1 1
17 20 0 1 1
17 22 1 1 2
18 19 1 1 1
18 20 7 0 1
19 20 4 2 1
21 22 0 0 1
21 23 2 0 1
21 24 2 1 1
22 23 0 0 1
22 24 4 1 1
23 24 1 0 1
25 26 1 0 1
25 27 0 1 1
25 28 2 0 1
25 30 4 1 2
26 27 1 0 1
26 28 3 2 1
27 28 3 3 1
29 30 1 2 1
29 31 2 0 1
29 32 3 2 1
30 31 0 0 1
30 32 2 3 1
31 32 2 0 1
18 21 0 0 2
29 26 6 1 2
22 25 1 1 3
1 9 2 2 3